REGION,TECHNOLOGY,MODE_OF_OPERATION,YEAR,VALUE
GLOBAL,MINCOANPL,1,2020,2.240310922514125
GLOBAL,MINCOANPL,2,2020,2.240310922514125
GLOBAL,MINCOANPL,1,2021,2.306859462473067
GLOBAL,MINCOANPL,2,2021,2.306859462473067
GLOBAL,MINCOANPL,1,2022,2.2375058686669536
GLOBAL,MINCOANPL,2,2022,2.2375058686669536
GLOBAL,MINCOANPL,1,2023,2.168973214725647
GLOBAL,MINCOANPL,2,2023,2.168973214725647
GLOBAL,MINCOANPL,1,2024,2.101546708991382
GLOBAL,MINCOANPL,2,2024,2.101546708991382
GLOBAL,MINCOANPL,1,2025,2.0354040074539954
GLOBAL,MINCOANPL,2,2025,2.0354040074539954
GLOBAL,MINCOANPL,1,2026,1.973648456388798
GLOBAL,MINCOANPL,2,2026,1.973648456388798
GLOBAL,MINCOANPL,1,2027,1.9118929053236
GLOBAL,MINCOANPL,2,2027,1.9118929053236
GLOBAL,MINCOANPL,1,2028,1.8501373542584028
GLOBAL,MINCOANPL,2,2028,1.8501373542584028
GLOBAL,MINCOANPL,1,2029,1.788381803193205
GLOBAL,MINCOANPL,2,2029,1.788381803193205
GLOBAL,MINCOANPL,1,2030,1.7266262521280076
GLOBAL,MINCOANPL,2,2030,1.7266262521280076
GLOBAL,MINCOANPL,1,2031,1.7266262521280076
GLOBAL,MINCOANPL,2,2031,1.7266262521280076
GLOBAL,MINCOANPL,1,2032,1.7266262521280076
GLOBAL,MINCOANPL,2,2032,1.7266262521280076
GLOBAL,MINCOANPL,1,2033,1.7266262521280076
GLOBAL,MINCOANPL,2,2033,1.7266262521280076
GLOBAL,MINCOANPL,1,2034,1.7266262521280076
GLOBAL,MINCOANPL,2,2034,1.7266262521280076
GLOBAL,MINCOANPL,1,2035,1.7266262521280076
GLOBAL,MINCOANPL,2,2035,1.7266262521280076
GLOBAL,MINCOANPL,1,2036,1.7266262521280076
GLOBAL,MINCOANPL,2,2036,1.7266262521280076
GLOBAL,MINCOANPL,1,2037,1.7266262521280076
GLOBAL,MINCOANPL,2,2037,1.7266262521280076
GLOBAL,MINCOANPL,1,2038,1.7266262521280076
GLOBAL,MINCOANPL,2,2038,1.7266262521280076
GLOBAL,MINCOANPL,1,2039,1.7266262521280076
GLOBAL,MINCOANPL,2,2039,1.7266262521280076
GLOBAL,MINCOANPL,1,2040,1.7266262521280076
GLOBAL,MINCOANPL,2,2040,1.7266262521280076
GLOBAL,MINCOANPL,1,2041,1.7266262521280076
GLOBAL,MINCOANPL,2,2041,1.7266262521280076
GLOBAL,MINCOANPL,1,2042,1.7266262521280076
GLOBAL,MINCOANPL,2,2042,1.7266262521280076
GLOBAL,MINCOANPL,1,2043,1.7266262521280076
GLOBAL,MINCOANPL,2,2043,1.7266262521280076
GLOBAL,MINCOANPL,1,2044,1.7266262521280076
GLOBAL,MINCOANPL,2,2044,1.7266262521280076
GLOBAL,MINCOANPL,1,2045,1.7266262521280076
GLOBAL,MINCOANPL,2,2045,1.7266262521280076
GLOBAL,MINCOANPL,1,2046,1.7266262521280076
GLOBAL,MINCOANPL,2,2046,1.7266262521280076
GLOBAL,MINCOANPL,1,2047,1.7266262521280076
GLOBAL,MINCOANPL,2,2047,1.7266262521280076
GLOBAL,MINCOANPL,1,2048,1.7266262521280076
GLOBAL,MINCOANPL,2,2048,1.7266262521280076
GLOBAL,MINCOANPL,1,2049,1.7266262521280076
GLOBAL,MINCOANPL,2,2049,1.7266262521280076
GLOBAL,MINCOANPL,1,2050,1.7266262521280076
GLOBAL,MINCOANPL,2,2050,1.7266262521280076
GLOBAL,MINCOANPL,1,2051,1.7266262521280076
GLOBAL,MINCOANPL,2,2051,1.7266262521280076
GLOBAL,MINCOANPL,1,2052,1.7266262521280076
GLOBAL,MINCOANPL,2,2052,1.7266262521280076
GLOBAL,MINCOANPL,1,2053,1.7266262521280076
GLOBAL,MINCOANPL,2,2053,1.7266262521280076
GLOBAL,MINCOANPL,1,2054,1.7266262521280076
GLOBAL,MINCOANPL,2,2054,1.7266262521280076
GLOBAL,MINCOANPL,1,2055,1.7266262521280076
GLOBAL,MINCOANPL,2,2055,1.7266262521280076
GLOBAL,MINCOANPL,1,2056,1.7266262521280076
GLOBAL,MINCOANPL,2,2056,1.7266262521280076
GLOBAL,MINCOANPL,1,2057,1.7266262521280076
GLOBAL,MINCOANPL,2,2057,1.7266262521280076
GLOBAL,MINCOANPL,1,2058,1.7266262521280076
GLOBAL,MINCOANPL,2,2058,1.7266262521280076
GLOBAL,MINCOANPL,1,2059,1.7266262521280076
GLOBAL,MINCOANPL,2,2059,1.7266262521280076
GLOBAL,MINCOANPL,1,2060,1.7266262521280076
GLOBAL,MINCOANPL,2,2060,1.7266262521280076
GLOBAL,MINCOANPL,1,2061,1.7266262521280076
GLOBAL,MINCOANPL,2,2061,1.7266262521280076
GLOBAL,MINCOANPL,1,2062,1.7266262521280076
GLOBAL,MINCOANPL,2,2062,1.7266262521280076
GLOBAL,MINCOANPL,1,2063,1.7266262521280076
GLOBAL,MINCOANPL,2,2063,1.7266262521280076
GLOBAL,MINCOANPL,1,2064,1.7266262521280076
GLOBAL,MINCOANPL,2,2064,1.7266262521280076
GLOBAL,MINCOANPL,1,2065,1.7266262521280076
GLOBAL,MINCOANPL,2,2065,1.7266262521280076
GLOBAL,MINCOANPL,1,2066,1.7266262521280076
GLOBAL,MINCOANPL,2,2066,1.7266262521280076
GLOBAL,MINCOANPL,1,2067,1.7266262521280076
GLOBAL,MINCOANPL,2,2067,1.7266262521280076
GLOBAL,MINCOANPL,1,2068,1.7266262521280076
GLOBAL,MINCOANPL,2,2068,1.7266262521280076
GLOBAL,MINCOANPL,1,2069,1.7266262521280076
GLOBAL,MINCOANPL,2,2069,1.7266262521280076
GLOBAL,MINCOANPL,1,2070,1.7266262521280076
GLOBAL,MINCOANPL,2,2070,1.7266262521280076
GLOBAL,MINCOAINT,1,2020,0.3360466383771187
GLOBAL,MINCOAINT,2,2020,0.3360466383771187
GLOBAL,MINCOAINT,1,2021,0.3460289193709601
GLOBAL,MINCOAINT,2,2021,0.3460289193709601
GLOBAL,MINCOAINT,1,2022,0.335625880300043
GLOBAL,MINCOAINT,2,2022,0.335625880300043
GLOBAL,MINCOAINT,1,2023,0.325345982208847
GLOBAL,MINCOAINT,2,2023,0.325345982208847
GLOBAL,MINCOAINT,1,2024,0.3152320063487073
GLOBAL,MINCOAINT,2,2024,0.3152320063487073
GLOBAL,MINCOAINT,1,2025,0.3053106011180993
GLOBAL,MINCOAINT,2,2025,0.3053106011180993
GLOBAL,MINCOAINT,1,2026,0.2960472684583197
GLOBAL,MINCOAINT,2,2026,0.2960472684583197
GLOBAL,MINCOAINT,1,2027,0.28678393579854
GLOBAL,MINCOAINT,2,2027,0.28678393579854
GLOBAL,MINCOAINT,1,2028,0.2775206031387603
GLOBAL,MINCOAINT,2,2028,0.2775206031387603
GLOBAL,MINCOAINT,1,2029,0.2682572704789807
GLOBAL,MINCOAINT,2,2029,0.2682572704789807
GLOBAL,MINCOAINT,1,2030,0.2589939378192011
GLOBAL,MINCOAINT,2,2030,0.2589939378192011
GLOBAL,MINCOAINT,1,2031,0.2589939378192011
GLOBAL,MINCOAINT,2,2031,0.2589939378192011
GLOBAL,MINCOAINT,1,2032,0.2589939378192011
GLOBAL,MINCOAINT,2,2032,0.2589939378192011
GLOBAL,MINCOAINT,1,2033,0.2589939378192011
GLOBAL,MINCOAINT,2,2033,0.2589939378192011
GLOBAL,MINCOAINT,1,2034,0.2589939378192011
GLOBAL,MINCOAINT,2,2034,0.2589939378192011
GLOBAL,MINCOAINT,1,2035,0.2589939378192011
GLOBAL,MINCOAINT,2,2035,0.2589939378192011
GLOBAL,MINCOAINT,1,2036,0.2589939378192011
GLOBAL,MINCOAINT,2,2036,0.2589939378192011
GLOBAL,MINCOAINT,1,2037,0.2589939378192011
GLOBAL,MINCOAINT,2,2037,0.2589939378192011
GLOBAL,MINCOAINT,1,2038,0.2589939378192011
GLOBAL,MINCOAINT,2,2038,0.2589939378192011
GLOBAL,MINCOAINT,1,2039,0.2589939378192011
GLOBAL,MINCOAINT,2,2039,0.2589939378192011
GLOBAL,MINCOAINT,1,2040,0.2589939378192011
GLOBAL,MINCOAINT,2,2040,0.2589939378192011
GLOBAL,MINCOAINT,1,2041,0.2589939378192011
GLOBAL,MINCOAINT,2,2041,0.2589939378192011
GLOBAL,MINCOAINT,1,2042,0.2589939378192011
GLOBAL,MINCOAINT,2,2042,0.2589939378192011
GLOBAL,MINCOAINT,1,2043,0.2589939378192011
GLOBAL,MINCOAINT,2,2043,0.2589939378192011
GLOBAL,MINCOAINT,1,2044,0.2589939378192011
GLOBAL,MINCOAINT,2,2044,0.2589939378192011
GLOBAL,MINCOAINT,1,2045,0.2589939378192011
GLOBAL,MINCOAINT,2,2045,0.2589939378192011
GLOBAL,MINCOAINT,1,2046,0.2589939378192011
GLOBAL,MINCOAINT,2,2046,0.2589939378192011
GLOBAL,MINCOAINT,1,2047,0.2589939378192011
GLOBAL,MINCOAINT,2,2047,0.2589939378192011
GLOBAL,MINCOAINT,1,2048,0.2589939378192011
GLOBAL,MINCOAINT,2,2048,0.2589939378192011
GLOBAL,MINCOAINT,1,2049,0.2589939378192011
GLOBAL,MINCOAINT,2,2049,0.2589939378192011
GLOBAL,MINCOAINT,1,2050,0.2589939378192011
GLOBAL,MINCOAINT,2,2050,0.2589939378192011
GLOBAL,MINCOAINT,1,2051,0.2589939378192011
GLOBAL,MINCOAINT,2,2051,0.2589939378192011
GLOBAL,MINCOAINT,1,2052,0.2589939378192011
GLOBAL,MINCOAINT,2,2052,0.2589939378192011
GLOBAL,MINCOAINT,1,2053,0.2589939378192011
GLOBAL,MINCOAINT,2,2053,0.2589939378192011
GLOBAL,MINCOAINT,1,2054,0.2589939378192011
GLOBAL,MINCOAINT,2,2054,0.2589939378192011
GLOBAL,MINCOAINT,1,2055,0.2589939378192011
GLOBAL,MINCOAINT,2,2055,0.2589939378192011
GLOBAL,MINCOAINT,1,2056,0.2589939378192011
GLOBAL,MINCOAINT,2,2056,0.2589939378192011
GLOBAL,MINCOAINT,1,2057,0.2589939378192011
GLOBAL,MINCOAINT,2,2057,0.2589939378192011
GLOBAL,MINCOAINT,1,2058,0.2589939378192011
GLOBAL,MINCOAINT,2,2058,0.2589939378192011
GLOBAL,MINCOAINT,1,2059,0.2589939378192011
GLOBAL,MINCOAINT,2,2059,0.2589939378192011
GLOBAL,MINCOAINT,1,2060,0.2589939378192011
GLOBAL,MINCOAINT,2,2060,0.2589939378192011
GLOBAL,MINCOAINT,1,2061,0.2589939378192011
GLOBAL,MINCOAINT,2,2061,0.2589939378192011
GLOBAL,MINCOAINT,1,2062,0.2589939378192011
GLOBAL,MINCOAINT,2,2062,0.2589939378192011
GLOBAL,MINCOAINT,1,2063,0.2589939378192011
GLOBAL,MINCOAINT,2,2063,0.2589939378192011
GLOBAL,MINCOAINT,1,2064,0.2589939378192011
GLOBAL,MINCOAINT,2,2064,0.2589939378192011
GLOBAL,MINCOAINT,1,2065,0.2589939378192011
GLOBAL,MINCOAINT,2,2065,0.2589939378192011
GLOBAL,MINCOAINT,1,2066,0.2589939378192011
GLOBAL,MINCOAINT,2,2066,0.2589939378192011
GLOBAL,MINCOAINT,1,2067,0.2589939378192011
GLOBAL,MINCOAINT,2,2067,0.2589939378192011
GLOBAL,MINCOAINT,1,2068,0.2589939378192011
GLOBAL,MINCOAINT,2,2068,0.2589939378192011
GLOBAL,MINCOAINT,1,2069,0.2589939378192011
GLOBAL,MINCOAINT,2,2069,0.2589939378192011
GLOBAL,MINCOAINT,1,2070,0.2589939378192011
GLOBAL,MINCOAINT,2,2070,0.2589939378192011
GLOBAL,MINCOGNPL,1,2020,2.968225831404001
GLOBAL,MINCOGNPL,2,2020,2.968225831404001
GLOBAL,MINCOGNPL,1,2021,3.863993509584145
GLOBAL,MINCOGNPL,2,2021,3.863993509584145
GLOBAL,MINCOGNPL,1,2022,4.033033794925198
GLOBAL,MINCOGNPL,2,2022,4.033033794925198
GLOBAL,MINCOGNPL,1,2023,4.207017264321041
GLOBAL,MINCOGNPL,2,2023,4.207017264321041
GLOBAL,MINCOGNPL,1,2024,4.386433804116549
GLOBAL,MINCOGNPL,2,2024,4.386433804116549
GLOBAL,MINCOGNPL,1,2025,4.571677488367149
GLOBAL,MINCOGNPL,2,2025,4.571677488367149
GLOBAL,MINCOGNPL,1,2026,4.776561912508622
GLOBAL,MINCOGNPL,2,2026,4.776561912508622
GLOBAL,MINCOGNPL,1,2027,4.981446336650095
GLOBAL,MINCOGNPL,2,2027,4.981446336650095
GLOBAL,MINCOGNPL,1,2028,5.186330760791568
GLOBAL,MINCOGNPL,2,2028,5.186330760791568
GLOBAL,MINCOGNPL,1,2029,5.391215184933041
GLOBAL,MINCOGNPL,2,2029,5.391215184933041
GLOBAL,MINCOGNPL,1,2030,5.596099609074514
GLOBAL,MINCOGNPL,2,2030,5.596099609074514
GLOBAL,MINCOGNPL,1,2031,5.596099609074514
GLOBAL,MINCOGNPL,2,2031,5.596099609074514
GLOBAL,MINCOGNPL,1,2032,5.596099609074514
GLOBAL,MINCOGNPL,2,2032,5.596099609074514
GLOBAL,MINCOGNPL,1,2033,5.596099609074514
GLOBAL,MINCOGNPL,2,2033,5.596099609074514
GLOBAL,MINCOGNPL,1,2034,5.596099609074514
GLOBAL,MINCOGNPL,2,2034,5.596099609074514
GLOBAL,MINCOGNPL,1,2035,5.596099609074514
GLOBAL,MINCOGNPL,2,2035,5.596099609074514
GLOBAL,MINCOGNPL,1,2036,5.596099609074514
GLOBAL,MINCOGNPL,2,2036,5.596099609074514
GLOBAL,MINCOGNPL,1,2037,5.596099609074514
GLOBAL,MINCOGNPL,2,2037,5.596099609074514
GLOBAL,MINCOGNPL,1,2038,5.596099609074514
GLOBAL,MINCOGNPL,2,2038,5.596099609074514
GLOBAL,MINCOGNPL,1,2039,5.596099609074514
GLOBAL,MINCOGNPL,2,2039,5.596099609074514
GLOBAL,MINCOGNPL,1,2040,5.596099609074514
GLOBAL,MINCOGNPL,2,2040,5.596099609074514
GLOBAL,MINCOGNPL,1,2041,5.596099609074514
GLOBAL,MINCOGNPL,2,2041,5.596099609074514
GLOBAL,MINCOGNPL,1,2042,5.596099609074514
GLOBAL,MINCOGNPL,2,2042,5.596099609074514
GLOBAL,MINCOGNPL,1,2043,5.596099609074514
GLOBAL,MINCOGNPL,2,2043,5.596099609074514
GLOBAL,MINCOGNPL,1,2044,5.596099609074514
GLOBAL,MINCOGNPL,2,2044,5.596099609074514
GLOBAL,MINCOGNPL,1,2045,5.596099609074514
GLOBAL,MINCOGNPL,2,2045,5.596099609074514
GLOBAL,MINCOGNPL,1,2046,5.596099609074514
GLOBAL,MINCOGNPL,2,2046,5.596099609074514
GLOBAL,MINCOGNPL,1,2047,5.596099609074514
GLOBAL,MINCOGNPL,2,2047,5.596099609074514
GLOBAL,MINCOGNPL,1,2048,5.596099609074514
GLOBAL,MINCOGNPL,2,2048,5.596099609074514
GLOBAL,MINCOGNPL,1,2049,5.596099609074514
GLOBAL,MINCOGNPL,2,2049,5.596099609074514
GLOBAL,MINCOGNPL,1,2050,5.596099609074514
GLOBAL,MINCOGNPL,2,2050,5.596099609074514
GLOBAL,MINCOGNPL,1,2051,5.596099609074514
GLOBAL,MINCOGNPL,2,2051,5.596099609074514
GLOBAL,MINCOGNPL,1,2052,5.596099609074514
GLOBAL,MINCOGNPL,2,2052,5.596099609074514
GLOBAL,MINCOGNPL,1,2053,5.596099609074514
GLOBAL,MINCOGNPL,2,2053,5.596099609074514
GLOBAL,MINCOGNPL,1,2054,5.596099609074514
GLOBAL,MINCOGNPL,2,2054,5.596099609074514
GLOBAL,MINCOGNPL,1,2055,5.596099609074514
GLOBAL,MINCOGNPL,2,2055,5.596099609074514
GLOBAL,MINCOGNPL,1,2056,5.596099609074514
GLOBAL,MINCOGNPL,2,2056,5.596099609074514
GLOBAL,MINCOGNPL,1,2057,5.596099609074514
GLOBAL,MINCOGNPL,2,2057,5.596099609074514
GLOBAL,MINCOGNPL,1,2058,5.596099609074514
GLOBAL,MINCOGNPL,2,2058,5.596099609074514
GLOBAL,MINCOGNPL,1,2059,5.596099609074514
GLOBAL,MINCOGNPL,2,2059,5.596099609074514
GLOBAL,MINCOGNPL,1,2060,5.596099609074514
GLOBAL,MINCOGNPL,2,2060,5.596099609074514
GLOBAL,MINCOGNPL,1,2061,5.596099609074514
GLOBAL,MINCOGNPL,2,2061,5.596099609074514
GLOBAL,MINCOGNPL,1,2062,5.596099609074514
GLOBAL,MINCOGNPL,2,2062,5.596099609074514
GLOBAL,MINCOGNPL,1,2063,5.596099609074514
GLOBAL,MINCOGNPL,2,2063,5.596099609074514
GLOBAL,MINCOGNPL,1,2064,5.596099609074514
GLOBAL,MINCOGNPL,2,2064,5.596099609074514
GLOBAL,MINCOGNPL,1,2065,5.596099609074514
GLOBAL,MINCOGNPL,2,2065,5.596099609074514
GLOBAL,MINCOGNPL,1,2066,5.596099609074514
GLOBAL,MINCOGNPL,2,2066,5.596099609074514
GLOBAL,MINCOGNPL,1,2067,5.596099609074514
GLOBAL,MINCOGNPL,2,2067,5.596099609074514
GLOBAL,MINCOGNPL,1,2068,5.596099609074514
GLOBAL,MINCOGNPL,2,2068,5.596099609074514
GLOBAL,MINCOGNPL,1,2069,5.596099609074514
GLOBAL,MINCOGNPL,2,2069,5.596099609074514
GLOBAL,MINCOGNPL,1,2070,5.596099609074514
GLOBAL,MINCOGNPL,2,2070,5.596099609074514
GLOBAL,MINCOGINT,1,2020,0.4452338747106002
GLOBAL,MINCOGINT,2,2020,0.4452338747106002
GLOBAL,MINCOGINT,1,2021,0.5795990264376217
GLOBAL,MINCOGINT,2,2021,0.5795990264376217
GLOBAL,MINCOGINT,1,2022,0.6049550692387797
GLOBAL,MINCOGINT,2,2022,0.6049550692387797
GLOBAL,MINCOGINT,1,2023,0.6310525896481561
GLOBAL,MINCOGINT,2,2023,0.6310525896481561
GLOBAL,MINCOGINT,1,2024,0.6579650706174823
GLOBAL,MINCOGINT,2,2024,0.6579650706174823
GLOBAL,MINCOGINT,1,2025,0.6857516232550723
GLOBAL,MINCOGINT,2,2025,0.6857516232550723
GLOBAL,MINCOGINT,1,2026,0.7164842868762933
GLOBAL,MINCOGINT,2,2026,0.7164842868762933
GLOBAL,MINCOGINT,1,2027,0.7472169504975142
GLOBAL,MINCOGINT,2,2027,0.7472169504975142
GLOBAL,MINCOGINT,1,2028,0.7779496141187352
GLOBAL,MINCOGINT,2,2028,0.7779496141187352
GLOBAL,MINCOGINT,1,2029,0.8086822777399562
GLOBAL,MINCOGINT,2,2029,0.8086822777399562
GLOBAL,MINCOGINT,1,2030,0.8394149413611771
GLOBAL,MINCOGINT,2,2030,0.8394149413611771
GLOBAL,MINCOGINT,1,2031,0.8394149413611771
GLOBAL,MINCOGINT,2,2031,0.8394149413611771
GLOBAL,MINCOGINT,1,2032,0.8394149413611771
GLOBAL,MINCOGINT,2,2032,0.8394149413611771
GLOBAL,MINCOGINT,1,2033,0.8394149413611771
GLOBAL,MINCOGINT,2,2033,0.8394149413611771
GLOBAL,MINCOGINT,1,2034,0.8394149413611771
GLOBAL,MINCOGINT,2,2034,0.8394149413611771
GLOBAL,MINCOGINT,1,2035,0.8394149413611771
GLOBAL,MINCOGINT,2,2035,0.8394149413611771
GLOBAL,MINCOGINT,1,2036,0.8394149413611771
GLOBAL,MINCOGINT,2,2036,0.8394149413611771
GLOBAL,MINCOGINT,1,2037,0.8394149413611771
GLOBAL,MINCOGINT,2,2037,0.8394149413611771
GLOBAL,MINCOGINT,1,2038,0.8394149413611771
GLOBAL,MINCOGINT,2,2038,0.8394149413611771
GLOBAL,MINCOGINT,1,2039,0.8394149413611771
GLOBAL,MINCOGINT,2,2039,0.8394149413611771
GLOBAL,MINCOGINT,1,2040,0.8394149413611771
GLOBAL,MINCOGINT,2,2040,0.8394149413611771
GLOBAL,MINCOGINT,1,2041,0.8394149413611771
GLOBAL,MINCOGINT,2,2041,0.8394149413611771
GLOBAL,MINCOGINT,1,2042,0.8394149413611771
GLOBAL,MINCOGINT,2,2042,0.8394149413611771
GLOBAL,MINCOGINT,1,2043,0.8394149413611771
GLOBAL,MINCOGINT,2,2043,0.8394149413611771
GLOBAL,MINCOGINT,1,2044,0.8394149413611771
GLOBAL,MINCOGINT,2,2044,0.8394149413611771
GLOBAL,MINCOGINT,1,2045,0.8394149413611771
GLOBAL,MINCOGINT,2,2045,0.8394149413611771
GLOBAL,MINCOGINT,1,2046,0.8394149413611771
GLOBAL,MINCOGINT,2,2046,0.8394149413611771
GLOBAL,MINCOGINT,1,2047,0.8394149413611771
GLOBAL,MINCOGINT,2,2047,0.8394149413611771
GLOBAL,MINCOGINT,1,2048,0.8394149413611771
GLOBAL,MINCOGINT,2,2048,0.8394149413611771
GLOBAL,MINCOGINT,1,2049,0.8394149413611771
GLOBAL,MINCOGINT,2,2049,0.8394149413611771
GLOBAL,MINCOGINT,1,2050,0.8394149413611771
GLOBAL,MINCOGINT,2,2050,0.8394149413611771
GLOBAL,MINCOGINT,1,2051,0.8394149413611771
GLOBAL,MINCOGINT,2,2051,0.8394149413611771
GLOBAL,MINCOGINT,1,2052,0.8394149413611771
GLOBAL,MINCOGINT,2,2052,0.8394149413611771
GLOBAL,MINCOGINT,1,2053,0.8394149413611771
GLOBAL,MINCOGINT,2,2053,0.8394149413611771
GLOBAL,MINCOGINT,1,2054,0.8394149413611771
GLOBAL,MINCOGINT,2,2054,0.8394149413611771
GLOBAL,MINCOGINT,1,2055,0.8394149413611771
GLOBAL,MINCOGINT,2,2055,0.8394149413611771
GLOBAL,MINCOGINT,1,2056,0.8394149413611771
GLOBAL,MINCOGINT,2,2056,0.8394149413611771
GLOBAL,MINCOGINT,1,2057,0.8394149413611771
GLOBAL,MINCOGINT,2,2057,0.8394149413611771
GLOBAL,MINCOGINT,1,2058,0.8394149413611771
GLOBAL,MINCOGINT,2,2058,0.8394149413611771
GLOBAL,MINCOGINT,1,2059,0.8394149413611771
GLOBAL,MINCOGINT,2,2059,0.8394149413611771
GLOBAL,MINCOGINT,1,2060,0.8394149413611771
GLOBAL,MINCOGINT,2,2060,0.8394149413611771
GLOBAL,MINCOGINT,1,2061,0.8394149413611771
GLOBAL,MINCOGINT,2,2061,0.8394149413611771
GLOBAL,MINCOGINT,1,2062,0.8394149413611771
GLOBAL,MINCOGINT,2,2062,0.8394149413611771
GLOBAL,MINCOGINT,1,2063,0.8394149413611771
GLOBAL,MINCOGINT,2,2063,0.8394149413611771
GLOBAL,MINCOGINT,1,2064,0.8394149413611771
GLOBAL,MINCOGINT,2,2064,0.8394149413611771
GLOBAL,MINCOGINT,1,2065,0.8394149413611771
GLOBAL,MINCOGINT,2,2065,0.8394149413611771
GLOBAL,MINCOGINT,1,2066,0.8394149413611771
GLOBAL,MINCOGINT,2,2066,0.8394149413611771
GLOBAL,MINCOGINT,1,2067,0.8394149413611771
GLOBAL,MINCOGINT,2,2067,0.8394149413611771
GLOBAL,MINCOGINT,1,2068,0.8394149413611771
GLOBAL,MINCOGINT,2,2068,0.8394149413611771
GLOBAL,MINCOGINT,1,2069,0.8394149413611771
GLOBAL,MINCOGINT,2,2069,0.8394149413611771
GLOBAL,MINCOGINT,1,2070,0.8394149413611771
GLOBAL,MINCOGINT,2,2070,0.8394149413611771
GLOBAL,MINGASNPL,1,2020,2.968225831404001
GLOBAL,MINGASNPL,2,2020,2.968225831404001
GLOBAL,MINGASNPL,1,2021,3.863993509584145
GLOBAL,MINGASNPL,2,2021,3.863993509584145
GLOBAL,MINGASNPL,1,2022,4.033033794925198
GLOBAL,MINGASNPL,2,2022,4.033033794925198
GLOBAL,MINGASNPL,1,2023,4.207017264321041
GLOBAL,MINGASNPL,2,2023,4.207017264321041
GLOBAL,MINGASNPL,1,2024,4.386433804116549
GLOBAL,MINGASNPL,2,2024,4.386433804116549
GLOBAL,MINGASNPL,1,2025,4.571677488367149
GLOBAL,MINGASNPL,2,2025,4.571677488367149
GLOBAL,MINGASNPL,1,2026,4.776561912508622
GLOBAL,MINGASNPL,2,2026,4.776561912508622
GLOBAL,MINGASNPL,1,2027,4.981446336650095
GLOBAL,MINGASNPL,2,2027,4.981446336650095
GLOBAL,MINGASNPL,1,2028,5.186330760791568
GLOBAL,MINGASNPL,2,2028,5.186330760791568
GLOBAL,MINGASNPL,1,2029,5.391215184933041
GLOBAL,MINGASNPL,2,2029,5.391215184933041
GLOBAL,MINGASNPL,1,2030,5.596099609074514
GLOBAL,MINGASNPL,2,2030,5.596099609074514
GLOBAL,MINGASNPL,1,2031,5.596099609074514
GLOBAL,MINGASNPL,2,2031,5.596099609074514
GLOBAL,MINGASNPL,1,2032,5.596099609074514
GLOBAL,MINGASNPL,2,2032,5.596099609074514
GLOBAL,MINGASNPL,1,2033,5.596099609074514
GLOBAL,MINGASNPL,2,2033,5.596099609074514
GLOBAL,MINGASNPL,1,2034,5.596099609074514
GLOBAL,MINGASNPL,2,2034,5.596099609074514
GLOBAL,MINGASNPL,1,2035,5.596099609074514
GLOBAL,MINGASNPL,2,2035,5.596099609074514
GLOBAL,MINGASNPL,1,2036,5.596099609074514
GLOBAL,MINGASNPL,2,2036,5.596099609074514
GLOBAL,MINGASNPL,1,2037,5.596099609074514
GLOBAL,MINGASNPL,2,2037,5.596099609074514
GLOBAL,MINGASNPL,1,2038,5.596099609074514
GLOBAL,MINGASNPL,2,2038,5.596099609074514
GLOBAL,MINGASNPL,1,2039,5.596099609074514
GLOBAL,MINGASNPL,2,2039,5.596099609074514
GLOBAL,MINGASNPL,1,2040,5.596099609074514
GLOBAL,MINGASNPL,2,2040,5.596099609074514
GLOBAL,MINGASNPL,1,2041,5.596099609074514
GLOBAL,MINGASNPL,2,2041,5.596099609074514
GLOBAL,MINGASNPL,1,2042,5.596099609074514
GLOBAL,MINGASNPL,2,2042,5.596099609074514
GLOBAL,MINGASNPL,1,2043,5.596099609074514
GLOBAL,MINGASNPL,2,2043,5.596099609074514
GLOBAL,MINGASNPL,1,2044,5.596099609074514
GLOBAL,MINGASNPL,2,2044,5.596099609074514
GLOBAL,MINGASNPL,1,2045,5.596099609074514
GLOBAL,MINGASNPL,2,2045,5.596099609074514
GLOBAL,MINGASNPL,1,2046,5.596099609074514
GLOBAL,MINGASNPL,2,2046,5.596099609074514
GLOBAL,MINGASNPL,1,2047,5.596099609074514
GLOBAL,MINGASNPL,2,2047,5.596099609074514
GLOBAL,MINGASNPL,1,2048,5.596099609074514
GLOBAL,MINGASNPL,2,2048,5.596099609074514
GLOBAL,MINGASNPL,1,2049,5.596099609074514
GLOBAL,MINGASNPL,2,2049,5.596099609074514
GLOBAL,MINGASNPL,1,2050,5.596099609074514
GLOBAL,MINGASNPL,2,2050,5.596099609074514
GLOBAL,MINGASNPL,1,2051,5.596099609074514
GLOBAL,MINGASNPL,2,2051,5.596099609074514
GLOBAL,MINGASNPL,1,2052,5.596099609074514
GLOBAL,MINGASNPL,2,2052,5.596099609074514
GLOBAL,MINGASNPL,1,2053,5.596099609074514
GLOBAL,MINGASNPL,2,2053,5.596099609074514
GLOBAL,MINGASNPL,1,2054,5.596099609074514
GLOBAL,MINGASNPL,2,2054,5.596099609074514
GLOBAL,MINGASNPL,1,2055,5.596099609074514
GLOBAL,MINGASNPL,2,2055,5.596099609074514
GLOBAL,MINGASNPL,1,2056,5.596099609074514
GLOBAL,MINGASNPL,2,2056,5.596099609074514
GLOBAL,MINGASNPL,1,2057,5.596099609074514
GLOBAL,MINGASNPL,2,2057,5.596099609074514
GLOBAL,MINGASNPL,1,2058,5.596099609074514
GLOBAL,MINGASNPL,2,2058,5.596099609074514
GLOBAL,MINGASNPL,1,2059,5.596099609074514
GLOBAL,MINGASNPL,2,2059,5.596099609074514
GLOBAL,MINGASNPL,1,2060,5.596099609074514
GLOBAL,MINGASNPL,2,2060,5.596099609074514
GLOBAL,MINGASNPL,1,2061,5.596099609074514
GLOBAL,MINGASNPL,2,2061,5.596099609074514
GLOBAL,MINGASNPL,1,2062,5.596099609074514
GLOBAL,MINGASNPL,2,2062,5.596099609074514
GLOBAL,MINGASNPL,1,2063,5.596099609074514
GLOBAL,MINGASNPL,2,2063,5.596099609074514
GLOBAL,MINGASNPL,1,2064,5.596099609074514
GLOBAL,MINGASNPL,2,2064,5.596099609074514
GLOBAL,MINGASNPL,1,2065,5.596099609074514
GLOBAL,MINGASNPL,2,2065,5.596099609074514
GLOBAL,MINGASNPL,1,2066,5.596099609074514
GLOBAL,MINGASNPL,2,2066,5.596099609074514
GLOBAL,MINGASNPL,1,2067,5.596099609074514
GLOBAL,MINGASNPL,2,2067,5.596099609074514
GLOBAL,MINGASNPL,1,2068,5.596099609074514
GLOBAL,MINGASNPL,2,2068,5.596099609074514
GLOBAL,MINGASNPL,1,2069,5.596099609074514
GLOBAL,MINGASNPL,2,2069,5.596099609074514
GLOBAL,MINGASNPL,1,2070,5.596099609074514
GLOBAL,MINGASNPL,2,2070,5.596099609074514
GLOBAL,MINGASINT,1,2020,0.4452338747106002
GLOBAL,MINGASINT,2,2020,0.4452338747106002
GLOBAL,MINGASINT,1,2021,0.5795990264376217
GLOBAL,MINGASINT,2,2021,0.5795990264376217
GLOBAL,MINGASINT,1,2022,0.6049550692387797
GLOBAL,MINGASINT,2,2022,0.6049550692387797
GLOBAL,MINGASINT,1,2023,0.6310525896481561
GLOBAL,MINGASINT,2,2023,0.6310525896481561
GLOBAL,MINGASINT,1,2024,0.6579650706174823
GLOBAL,MINGASINT,2,2024,0.6579650706174823
GLOBAL,MINGASINT,1,2025,0.6857516232550723
GLOBAL,MINGASINT,2,2025,0.6857516232550723
GLOBAL,MINGASINT,1,2026,0.7164842868762933
GLOBAL,MINGASINT,2,2026,0.7164842868762933
GLOBAL,MINGASINT,1,2027,0.7472169504975142
GLOBAL,MINGASINT,2,2027,0.7472169504975142
GLOBAL,MINGASINT,1,2028,0.7779496141187352
GLOBAL,MINGASINT,2,2028,0.7779496141187352
GLOBAL,MINGASINT,1,2029,0.8086822777399562
GLOBAL,MINGASINT,2,2029,0.8086822777399562
GLOBAL,MINGASINT,1,2030,0.8394149413611771
GLOBAL,MINGASINT,2,2030,0.8394149413611771
GLOBAL,MINGASINT,1,2031,0.8394149413611771
GLOBAL,MINGASINT,2,2031,0.8394149413611771
GLOBAL,MINGASINT,1,2032,0.8394149413611771
GLOBAL,MINGASINT,2,2032,0.8394149413611771
GLOBAL,MINGASINT,1,2033,0.8394149413611771
GLOBAL,MINGASINT,2,2033,0.8394149413611771
GLOBAL,MINGASINT,1,2034,0.8394149413611771
GLOBAL,MINGASINT,2,2034,0.8394149413611771
GLOBAL,MINGASINT,1,2035,0.8394149413611771
GLOBAL,MINGASINT,2,2035,0.8394149413611771
GLOBAL,MINGASINT,1,2036,0.8394149413611771
GLOBAL,MINGASINT,2,2036,0.8394149413611771
GLOBAL,MINGASINT,1,2037,0.8394149413611771
GLOBAL,MINGASINT,2,2037,0.8394149413611771
GLOBAL,MINGASINT,1,2038,0.8394149413611771
GLOBAL,MINGASINT,2,2038,0.8394149413611771
GLOBAL,MINGASINT,1,2039,0.8394149413611771
GLOBAL,MINGASINT,2,2039,0.8394149413611771
GLOBAL,MINGASINT,1,2040,0.8394149413611771
GLOBAL,MINGASINT,2,2040,0.8394149413611771
GLOBAL,MINGASINT,1,2041,0.8394149413611771
GLOBAL,MINGASINT,2,2041,0.8394149413611771
GLOBAL,MINGASINT,1,2042,0.8394149413611771
GLOBAL,MINGASINT,2,2042,0.8394149413611771
GLOBAL,MINGASINT,1,2043,0.8394149413611771
GLOBAL,MINGASINT,2,2043,0.8394149413611771
GLOBAL,MINGASINT,1,2044,0.8394149413611771
GLOBAL,MINGASINT,2,2044,0.8394149413611771
GLOBAL,MINGASINT,1,2045,0.8394149413611771
GLOBAL,MINGASINT,2,2045,0.8394149413611771
GLOBAL,MINGASINT,1,2046,0.8394149413611771
GLOBAL,MINGASINT,2,2046,0.8394149413611771
GLOBAL,MINGASINT,1,2047,0.8394149413611771
GLOBAL,MINGASINT,2,2047,0.8394149413611771
GLOBAL,MINGASINT,1,2048,0.8394149413611771
GLOBAL,MINGASINT,2,2048,0.8394149413611771
GLOBAL,MINGASINT,1,2049,0.8394149413611771
GLOBAL,MINGASINT,2,2049,0.8394149413611771
GLOBAL,MINGASINT,1,2050,0.8394149413611771
GLOBAL,MINGASINT,2,2050,0.8394149413611771
GLOBAL,MINGASINT,1,2051,0.8394149413611771
GLOBAL,MINGASINT,2,2051,0.8394149413611771
GLOBAL,MINGASINT,1,2052,0.8394149413611771
GLOBAL,MINGASINT,2,2052,0.8394149413611771
GLOBAL,MINGASINT,1,2053,0.8394149413611771
GLOBAL,MINGASINT,2,2053,0.8394149413611771
GLOBAL,MINGASINT,1,2054,0.8394149413611771
GLOBAL,MINGASINT,2,2054,0.8394149413611771
GLOBAL,MINGASINT,1,2055,0.8394149413611771
GLOBAL,MINGASINT,2,2055,0.8394149413611771
GLOBAL,MINGASINT,1,2056,0.8394149413611771
GLOBAL,MINGASINT,2,2056,0.8394149413611771
GLOBAL,MINGASINT,1,2057,0.8394149413611771
GLOBAL,MINGASINT,2,2057,0.8394149413611771
GLOBAL,MINGASINT,1,2058,0.8394149413611771
GLOBAL,MINGASINT,2,2058,0.8394149413611771
GLOBAL,MINGASINT,1,2059,0.8394149413611771
GLOBAL,MINGASINT,2,2059,0.8394149413611771
GLOBAL,MINGASINT,1,2060,0.8394149413611771
GLOBAL,MINGASINT,2,2060,0.8394149413611771
GLOBAL,MINGASINT,1,2061,0.8394149413611771
GLOBAL,MINGASINT,2,2061,0.8394149413611771
GLOBAL,MINGASINT,1,2062,0.8394149413611771
GLOBAL,MINGASINT,2,2062,0.8394149413611771
GLOBAL,MINGASINT,1,2063,0.8394149413611771
GLOBAL,MINGASINT,2,2063,0.8394149413611771
GLOBAL,MINGASINT,1,2064,0.8394149413611771
GLOBAL,MINGASINT,2,2064,0.8394149413611771
GLOBAL,MINGASINT,1,2065,0.8394149413611771
GLOBAL,MINGASINT,2,2065,0.8394149413611771
GLOBAL,MINGASINT,1,2066,0.8394149413611771
GLOBAL,MINGASINT,2,2066,0.8394149413611771
GLOBAL,MINGASINT,1,2067,0.8394149413611771
GLOBAL,MINGASINT,2,2067,0.8394149413611771
GLOBAL,MINGASINT,1,2068,0.8394149413611771
GLOBAL,MINGASINT,2,2068,0.8394149413611771
GLOBAL,MINGASINT,1,2069,0.8394149413611771
GLOBAL,MINGASINT,2,2069,0.8394149413611771
GLOBAL,MINGASINT,1,2070,0.8394149413611771
GLOBAL,MINGASINT,2,2070,0.8394149413611771
GLOBAL,MINOILNPL,1,2020,5.7773327296659485
GLOBAL,MINOILNPL,2,2020,5.7773327296659485
GLOBAL,MINOILNPL,1,2021,6.8237940587600825
GLOBAL,MINOILNPL,2,2021,6.8237940587600825
GLOBAL,MINOILNPL,1,2022,7.1032738532467485
GLOBAL,MINOILNPL,2,2022,7.1032738532467485
GLOBAL,MINOILNPL,1,2023,7.389893259816652
GLOBAL,MINOILNPL,2,2023,7.389893259816652
GLOBAL,MINOILNPL,1,2024,7.684447096478039
GLOBAL,MINOILNPL,2,2024,7.684447096478039
GLOBAL,MINOILNPL,1,2025,7.987553950565343
GLOBAL,MINOILNPL,2,2025,7.987553950565343
GLOBAL,MINOILNPL,1,2026,8.319519784358066
GLOBAL,MINOILNPL,2,2026,8.319519784358066
GLOBAL,MINOILNPL,1,2027,8.651485618150788
GLOBAL,MINOILNPL,2,2027,8.651485618150788
GLOBAL,MINOILNPL,1,2028,8.98345145194351
GLOBAL,MINOILNPL,2,2028,8.98345145194351
GLOBAL,MINOILNPL,1,2029,9.315417285736231
GLOBAL,MINOILNPL,2,2029,9.315417285736231
GLOBAL,MINOILNPL,1,2030,9.647383119528955
GLOBAL,MINOILNPL,2,2030,9.647383119528955
GLOBAL,MINOILNPL,1,2031,9.647383119528955
GLOBAL,MINOILNPL,2,2031,9.647383119528955
GLOBAL,MINOILNPL,1,2032,9.647383119528955
GLOBAL,MINOILNPL,2,2032,9.647383119528955
GLOBAL,MINOILNPL,1,2033,9.647383119528955
GLOBAL,MINOILNPL,2,2033,9.647383119528955
GLOBAL,MINOILNPL,1,2034,9.647383119528955
GLOBAL,MINOILNPL,2,2034,9.647383119528955
GLOBAL,MINOILNPL,1,2035,9.647383119528955
GLOBAL,MINOILNPL,2,2035,9.647383119528955
GLOBAL,MINOILNPL,1,2036,9.647383119528955
GLOBAL,MINOILNPL,2,2036,9.647383119528955
GLOBAL,MINOILNPL,1,2037,9.647383119528955
GLOBAL,MINOILNPL,2,2037,9.647383119528955
GLOBAL,MINOILNPL,1,2038,9.647383119528955
GLOBAL,MINOILNPL,2,2038,9.647383119528955
GLOBAL,MINOILNPL,1,2039,9.647383119528955
GLOBAL,MINOILNPL,2,2039,9.647383119528955
GLOBAL,MINOILNPL,1,2040,9.647383119528955
GLOBAL,MINOILNPL,2,2040,9.647383119528955
GLOBAL,MINOILNPL,1,2041,9.647383119528955
GLOBAL,MINOILNPL,2,2041,9.647383119528955
GLOBAL,MINOILNPL,1,2042,9.647383119528955
GLOBAL,MINOILNPL,2,2042,9.647383119528955
GLOBAL,MINOILNPL,1,2043,9.647383119528955
GLOBAL,MINOILNPL,2,2043,9.647383119528955
GLOBAL,MINOILNPL,1,2044,9.647383119528955
GLOBAL,MINOILNPL,2,2044,9.647383119528955
GLOBAL,MINOILNPL,1,2045,9.647383119528955
GLOBAL,MINOILNPL,2,2045,9.647383119528955
GLOBAL,MINOILNPL,1,2046,9.647383119528955
GLOBAL,MINOILNPL,2,2046,9.647383119528955
GLOBAL,MINOILNPL,1,2047,9.647383119528955
GLOBAL,MINOILNPL,2,2047,9.647383119528955
GLOBAL,MINOILNPL,1,2048,9.647383119528955
GLOBAL,MINOILNPL,2,2048,9.647383119528955
GLOBAL,MINOILNPL,1,2049,9.647383119528955
GLOBAL,MINOILNPL,2,2049,9.647383119528955
GLOBAL,MINOILNPL,1,2050,9.647383119528955
GLOBAL,MINOILNPL,2,2050,9.647383119528955
GLOBAL,MINOILNPL,1,2051,9.647383119528955
GLOBAL,MINOILNPL,2,2051,9.647383119528955
GLOBAL,MINOILNPL,1,2052,9.647383119528955
GLOBAL,MINOILNPL,2,2052,9.647383119528955
GLOBAL,MINOILNPL,1,2053,9.647383119528955
GLOBAL,MINOILNPL,2,2053,9.647383119528955
GLOBAL,MINOILNPL,1,2054,9.647383119528955
GLOBAL,MINOILNPL,2,2054,9.647383119528955
GLOBAL,MINOILNPL,1,2055,9.647383119528955
GLOBAL,MINOILNPL,2,2055,9.647383119528955
GLOBAL,MINOILNPL,1,2056,9.647383119528955
GLOBAL,MINOILNPL,2,2056,9.647383119528955
GLOBAL,MINOILNPL,1,2057,9.647383119528955
GLOBAL,MINOILNPL,2,2057,9.647383119528955
GLOBAL,MINOILNPL,1,2058,9.647383119528955
GLOBAL,MINOILNPL,2,2058,9.647383119528955
GLOBAL,MINOILNPL,1,2059,9.647383119528955
GLOBAL,MINOILNPL,2,2059,9.647383119528955
GLOBAL,MINOILNPL,1,2060,9.647383119528955
GLOBAL,MINOILNPL,2,2060,9.647383119528955
GLOBAL,MINOILNPL,1,2061,9.647383119528955
GLOBAL,MINOILNPL,2,2061,9.647383119528955
GLOBAL,MINOILNPL,1,2062,9.647383119528955
GLOBAL,MINOILNPL,2,2062,9.647383119528955
GLOBAL,MINOILNPL,1,2063,9.647383119528955
GLOBAL,MINOILNPL,2,2063,9.647383119528955
GLOBAL,MINOILNPL,1,2064,9.647383119528955
GLOBAL,MINOILNPL,2,2064,9.647383119528955
GLOBAL,MINOILNPL,1,2065,9.647383119528955
GLOBAL,MINOILNPL,2,2065,9.647383119528955
GLOBAL,MINOILNPL,1,2066,9.647383119528955
GLOBAL,MINOILNPL,2,2066,9.647383119528955
GLOBAL,MINOILNPL,1,2067,9.647383119528955
GLOBAL,MINOILNPL,2,2067,9.647383119528955
GLOBAL,MINOILNPL,1,2068,9.647383119528955
GLOBAL,MINOILNPL,2,2068,9.647383119528955
GLOBAL,MINOILNPL,1,2069,9.647383119528955
GLOBAL,MINOILNPL,2,2069,9.647383119528955
GLOBAL,MINOILNPL,1,2070,9.647383119528955
GLOBAL,MINOILNPL,2,2070,9.647383119528955
GLOBAL,MINOILINT,1,2020,0.8665999094498923
GLOBAL,MINOILINT,2,2020,0.8665999094498923
GLOBAL,MINOILINT,1,2021,1.0235691088140124
GLOBAL,MINOILINT,2,2021,1.0235691088140124
GLOBAL,MINOILINT,1,2022,1.065491077987012
GLOBAL,MINOILINT,2,2022,1.065491077987012
GLOBAL,MINOILINT,1,2023,1.1084839889724978
GLOBAL,MINOILINT,2,2023,1.1084839889724978
GLOBAL,MINOILINT,1,2024,1.152667064471706
GLOBAL,MINOILINT,2,2024,1.152667064471706
GLOBAL,MINOILINT,1,2025,1.1981330925848015
GLOBAL,MINOILINT,2,2025,1.1981330925848015
GLOBAL,MINOILINT,1,2026,1.2479279676537098
GLOBAL,MINOILINT,2,2026,1.2479279676537098
GLOBAL,MINOILINT,1,2027,1.2977228427226182
GLOBAL,MINOILINT,2,2027,1.2977228427226182
GLOBAL,MINOILINT,1,2028,1.3475177177915263
GLOBAL,MINOILINT,2,2028,1.3475177177915263
GLOBAL,MINOILINT,1,2029,1.3973125928604349
GLOBAL,MINOILINT,2,2029,1.3973125928604349
GLOBAL,MINOILINT,1,2030,1.4471074679293432
GLOBAL,MINOILINT,2,2030,1.4471074679293432
GLOBAL,MINOILINT,1,2031,1.4471074679293432
GLOBAL,MINOILINT,2,2031,1.4471074679293432
GLOBAL,MINOILINT,1,2032,1.4471074679293432
GLOBAL,MINOILINT,2,2032,1.4471074679293432
GLOBAL,MINOILINT,1,2033,1.4471074679293432
GLOBAL,MINOILINT,2,2033,1.4471074679293432
GLOBAL,MINOILINT,1,2034,1.4471074679293432
GLOBAL,MINOILINT,2,2034,1.4471074679293432
GLOBAL,MINOILINT,1,2035,1.4471074679293432
GLOBAL,MINOILINT,2,2035,1.4471074679293432
GLOBAL,MINOILINT,1,2036,1.4471074679293432
GLOBAL,MINOILINT,2,2036,1.4471074679293432
GLOBAL,MINOILINT,1,2037,1.4471074679293432
GLOBAL,MINOILINT,2,2037,1.4471074679293432
GLOBAL,MINOILINT,1,2038,1.4471074679293432
GLOBAL,MINOILINT,2,2038,1.4471074679293432
GLOBAL,MINOILINT,1,2039,1.4471074679293432
GLOBAL,MINOILINT,2,2039,1.4471074679293432
GLOBAL,MINOILINT,1,2040,1.4471074679293432
GLOBAL,MINOILINT,2,2040,1.4471074679293432
GLOBAL,MINOILINT,1,2041,1.4471074679293432
GLOBAL,MINOILINT,2,2041,1.4471074679293432
GLOBAL,MINOILINT,1,2042,1.4471074679293432
GLOBAL,MINOILINT,2,2042,1.4471074679293432
GLOBAL,MINOILINT,1,2043,1.4471074679293432
GLOBAL,MINOILINT,2,2043,1.4471074679293432
GLOBAL,MINOILINT,1,2044,1.4471074679293432
GLOBAL,MINOILINT,2,2044,1.4471074679293432
GLOBAL,MINOILINT,1,2045,1.4471074679293432
GLOBAL,MINOILINT,2,2045,1.4471074679293432
GLOBAL,MINOILINT,1,2046,1.4471074679293432
GLOBAL,MINOILINT,2,2046,1.4471074679293432
GLOBAL,MINOILINT,1,2047,1.4471074679293432
GLOBAL,MINOILINT,2,2047,1.4471074679293432
GLOBAL,MINOILINT,1,2048,1.4471074679293432
GLOBAL,MINOILINT,2,2048,1.4471074679293432
GLOBAL,MINOILINT,1,2049,1.4471074679293432
GLOBAL,MINOILINT,2,2049,1.4471074679293432
GLOBAL,MINOILINT,1,2050,1.4471074679293432
GLOBAL,MINOILINT,2,2050,1.4471074679293432
GLOBAL,MINOILINT,1,2051,1.4471074679293432
GLOBAL,MINOILINT,2,2051,1.4471074679293432
GLOBAL,MINOILINT,1,2052,1.4471074679293432
GLOBAL,MINOILINT,2,2052,1.4471074679293432
GLOBAL,MINOILINT,1,2053,1.4471074679293432
GLOBAL,MINOILINT,2,2053,1.4471074679293432
GLOBAL,MINOILINT,1,2054,1.4471074679293432
GLOBAL,MINOILINT,2,2054,1.4471074679293432
GLOBAL,MINOILINT,1,2055,1.4471074679293432
GLOBAL,MINOILINT,2,2055,1.4471074679293432
GLOBAL,MINOILINT,1,2056,1.4471074679293432
GLOBAL,MINOILINT,2,2056,1.4471074679293432
GLOBAL,MINOILINT,1,2057,1.4471074679293432
GLOBAL,MINOILINT,2,2057,1.4471074679293432
GLOBAL,MINOILINT,1,2058,1.4471074679293432
GLOBAL,MINOILINT,2,2058,1.4471074679293432
GLOBAL,MINOILINT,1,2059,1.4471074679293432
GLOBAL,MINOILINT,2,2059,1.4471074679293432
GLOBAL,MINOILINT,1,2060,1.4471074679293432
GLOBAL,MINOILINT,2,2060,1.4471074679293432
GLOBAL,MINOILINT,1,2061,1.4471074679293432
GLOBAL,MINOILINT,2,2061,1.4471074679293432
GLOBAL,MINOILINT,1,2062,1.4471074679293432
GLOBAL,MINOILINT,2,2062,1.4471074679293432
GLOBAL,MINOILINT,1,2063,1.4471074679293432
GLOBAL,MINOILINT,2,2063,1.4471074679293432
GLOBAL,MINOILINT,1,2064,1.4471074679293432
GLOBAL,MINOILINT,2,2064,1.4471074679293432
GLOBAL,MINOILINT,1,2065,1.4471074679293432
GLOBAL,MINOILINT,2,2065,1.4471074679293432
GLOBAL,MINOILINT,1,2066,1.4471074679293432
GLOBAL,MINOILINT,2,2066,1.4471074679293432
GLOBAL,MINOILINT,1,2067,1.4471074679293432
GLOBAL,MINOILINT,2,2067,1.4471074679293432
GLOBAL,MINOILINT,1,2068,1.4471074679293432
GLOBAL,MINOILINT,2,2068,1.4471074679293432
GLOBAL,MINOILINT,1,2069,1.4471074679293432
GLOBAL,MINOILINT,2,2069,1.4471074679293432
GLOBAL,MINOILINT,1,2070,1.4471074679293432
GLOBAL,MINOILINT,2,2070,1.4471074679293432
GLOBAL,MINOTHNPL,1,2020,5.7773327296659485
GLOBAL,MINOTHNPL,2,2020,5.7773327296659485
GLOBAL,MINOTHNPL,1,2021,6.8237940587600825
GLOBAL,MINOTHNPL,2,2021,6.8237940587600825
GLOBAL,MINOTHNPL,1,2022,7.1032738532467485
GLOBAL,MINOTHNPL,2,2022,7.1032738532467485
GLOBAL,MINOTHNPL,1,2023,7.389893259816652
GLOBAL,MINOTHNPL,2,2023,7.389893259816652
GLOBAL,MINOTHNPL,1,2024,7.684447096478039
GLOBAL,MINOTHNPL,2,2024,7.684447096478039
GLOBAL,MINOTHNPL,1,2025,7.987553950565343
GLOBAL,MINOTHNPL,2,2025,7.987553950565343
GLOBAL,MINOTHNPL,1,2026,8.319519784358066
GLOBAL,MINOTHNPL,2,2026,8.319519784358066
GLOBAL,MINOTHNPL,1,2027,8.651485618150788
GLOBAL,MINOTHNPL,2,2027,8.651485618150788
GLOBAL,MINOTHNPL,1,2028,8.98345145194351
GLOBAL,MINOTHNPL,2,2028,8.98345145194351
GLOBAL,MINOTHNPL,1,2029,9.315417285736231
GLOBAL,MINOTHNPL,2,2029,9.315417285736231
GLOBAL,MINOTHNPL,1,2030,9.647383119528955
GLOBAL,MINOTHNPL,2,2030,9.647383119528955
GLOBAL,MINOTHNPL,1,2031,9.647383119528955
GLOBAL,MINOTHNPL,2,2031,9.647383119528955
GLOBAL,MINOTHNPL,1,2032,9.647383119528955
GLOBAL,MINOTHNPL,2,2032,9.647383119528955
GLOBAL,MINOTHNPL,1,2033,9.647383119528955
GLOBAL,MINOTHNPL,2,2033,9.647383119528955
GLOBAL,MINOTHNPL,1,2034,9.647383119528955
GLOBAL,MINOTHNPL,2,2034,9.647383119528955
GLOBAL,MINOTHNPL,1,2035,9.647383119528955
GLOBAL,MINOTHNPL,2,2035,9.647383119528955
GLOBAL,MINOTHNPL,1,2036,9.647383119528955
GLOBAL,MINOTHNPL,2,2036,9.647383119528955
GLOBAL,MINOTHNPL,1,2037,9.647383119528955
GLOBAL,MINOTHNPL,2,2037,9.647383119528955
GLOBAL,MINOTHNPL,1,2038,9.647383119528955
GLOBAL,MINOTHNPL,2,2038,9.647383119528955
GLOBAL,MINOTHNPL,1,2039,9.647383119528955
GLOBAL,MINOTHNPL,2,2039,9.647383119528955
GLOBAL,MINOTHNPL,1,2040,9.647383119528955
GLOBAL,MINOTHNPL,2,2040,9.647383119528955
GLOBAL,MINOTHNPL,1,2041,9.647383119528955
GLOBAL,MINOTHNPL,2,2041,9.647383119528955
GLOBAL,MINOTHNPL,1,2042,9.647383119528955
GLOBAL,MINOTHNPL,2,2042,9.647383119528955
GLOBAL,MINOTHNPL,1,2043,9.647383119528955
GLOBAL,MINOTHNPL,2,2043,9.647383119528955
GLOBAL,MINOTHNPL,1,2044,9.647383119528955
GLOBAL,MINOTHNPL,2,2044,9.647383119528955
GLOBAL,MINOTHNPL,1,2045,9.647383119528955
GLOBAL,MINOTHNPL,2,2045,9.647383119528955
GLOBAL,MINOTHNPL,1,2046,9.647383119528955
GLOBAL,MINOTHNPL,2,2046,9.647383119528955
GLOBAL,MINOTHNPL,1,2047,9.647383119528955
GLOBAL,MINOTHNPL,2,2047,9.647383119528955
GLOBAL,MINOTHNPL,1,2048,9.647383119528955
GLOBAL,MINOTHNPL,2,2048,9.647383119528955
GLOBAL,MINOTHNPL,1,2049,9.647383119528955
GLOBAL,MINOTHNPL,2,2049,9.647383119528955
GLOBAL,MINOTHNPL,1,2050,9.647383119528955
GLOBAL,MINOTHNPL,2,2050,9.647383119528955
GLOBAL,MINOTHNPL,1,2051,9.647383119528955
GLOBAL,MINOTHNPL,2,2051,9.647383119528955
GLOBAL,MINOTHNPL,1,2052,9.647383119528955
GLOBAL,MINOTHNPL,2,2052,9.647383119528955
GLOBAL,MINOTHNPL,1,2053,9.647383119528955
GLOBAL,MINOTHNPL,2,2053,9.647383119528955
GLOBAL,MINOTHNPL,1,2054,9.647383119528955
GLOBAL,MINOTHNPL,2,2054,9.647383119528955
GLOBAL,MINOTHNPL,1,2055,9.647383119528955
GLOBAL,MINOTHNPL,2,2055,9.647383119528955
GLOBAL,MINOTHNPL,1,2056,9.647383119528955
GLOBAL,MINOTHNPL,2,2056,9.647383119528955
GLOBAL,MINOTHNPL,1,2057,9.647383119528955
GLOBAL,MINOTHNPL,2,2057,9.647383119528955
GLOBAL,MINOTHNPL,1,2058,9.647383119528955
GLOBAL,MINOTHNPL,2,2058,9.647383119528955
GLOBAL,MINOTHNPL,1,2059,9.647383119528955
GLOBAL,MINOTHNPL,2,2059,9.647383119528955
GLOBAL,MINOTHNPL,1,2060,9.647383119528955
GLOBAL,MINOTHNPL,2,2060,9.647383119528955
GLOBAL,MINOTHNPL,1,2061,9.647383119528955
GLOBAL,MINOTHNPL,2,2061,9.647383119528955
GLOBAL,MINOTHNPL,1,2062,9.647383119528955
GLOBAL,MINOTHNPL,2,2062,9.647383119528955
GLOBAL,MINOTHNPL,1,2063,9.647383119528955
GLOBAL,MINOTHNPL,2,2063,9.647383119528955
GLOBAL,MINOTHNPL,1,2064,9.647383119528955
GLOBAL,MINOTHNPL,2,2064,9.647383119528955
GLOBAL,MINOTHNPL,1,2065,9.647383119528955
GLOBAL,MINOTHNPL,2,2065,9.647383119528955
GLOBAL,MINOTHNPL,1,2066,9.647383119528955
GLOBAL,MINOTHNPL,2,2066,9.647383119528955
GLOBAL,MINOTHNPL,1,2067,9.647383119528955
GLOBAL,MINOTHNPL,2,2067,9.647383119528955
GLOBAL,MINOTHNPL,1,2068,9.647383119528955
GLOBAL,MINOTHNPL,2,2068,9.647383119528955
GLOBAL,MINOTHNPL,1,2069,9.647383119528955
GLOBAL,MINOTHNPL,2,2069,9.647383119528955
GLOBAL,MINOTHNPL,1,2070,9.647383119528955
GLOBAL,MINOTHNPL,2,2070,9.647383119528955
GLOBAL,MINOTHINT,1,2020,0.8665999094498923
GLOBAL,MINOTHINT,2,2020,0.8665999094498923
GLOBAL,MINOTHINT,1,2021,1.0235691088140124
GLOBAL,MINOTHINT,2,2021,1.0235691088140124
GLOBAL,MINOTHINT,1,2022,1.065491077987012
GLOBAL,MINOTHINT,2,2022,1.065491077987012
GLOBAL,MINOTHINT,1,2023,1.1084839889724978
GLOBAL,MINOTHINT,2,2023,1.1084839889724978
GLOBAL,MINOTHINT,1,2024,1.152667064471706
GLOBAL,MINOTHINT,2,2024,1.152667064471706
GLOBAL,MINOTHINT,1,2025,1.1981330925848015
GLOBAL,MINOTHINT,2,2025,1.1981330925848015
GLOBAL,MINOTHINT,1,2026,1.2479279676537098
GLOBAL,MINOTHINT,2,2026,1.2479279676537098
GLOBAL,MINOTHINT,1,2027,1.2977228427226182
GLOBAL,MINOTHINT,2,2027,1.2977228427226182
GLOBAL,MINOTHINT,1,2028,1.3475177177915263
GLOBAL,MINOTHINT,2,2028,1.3475177177915263
GLOBAL,MINOTHINT,1,2029,1.3973125928604349
GLOBAL,MINOTHINT,2,2029,1.3973125928604349
GLOBAL,MINOTHINT,1,2030,1.4471074679293432
GLOBAL,MINOTHINT,2,2030,1.4471074679293432
GLOBAL,MINOTHINT,1,2031,1.4471074679293432
GLOBAL,MINOTHINT,2,2031,1.4471074679293432
GLOBAL,MINOTHINT,1,2032,1.4471074679293432
GLOBAL,MINOTHINT,2,2032,1.4471074679293432
GLOBAL,MINOTHINT,1,2033,1.4471074679293432
GLOBAL,MINOTHINT,2,2033,1.4471074679293432
GLOBAL,MINOTHINT,1,2034,1.4471074679293432
GLOBAL,MINOTHINT,2,2034,1.4471074679293432
GLOBAL,MINOTHINT,1,2035,1.4471074679293432
GLOBAL,MINOTHINT,2,2035,1.4471074679293432
GLOBAL,MINOTHINT,1,2036,1.4471074679293432
GLOBAL,MINOTHINT,2,2036,1.4471074679293432
GLOBAL,MINOTHINT,1,2037,1.4471074679293432
GLOBAL,MINOTHINT,2,2037,1.4471074679293432
GLOBAL,MINOTHINT,1,2038,1.4471074679293432
GLOBAL,MINOTHINT,2,2038,1.4471074679293432
GLOBAL,MINOTHINT,1,2039,1.4471074679293432
GLOBAL,MINOTHINT,2,2039,1.4471074679293432
GLOBAL,MINOTHINT,1,2040,1.4471074679293432
GLOBAL,MINOTHINT,2,2040,1.4471074679293432
GLOBAL,MINOTHINT,1,2041,1.4471074679293432
GLOBAL,MINOTHINT,2,2041,1.4471074679293432
GLOBAL,MINOTHINT,1,2042,1.4471074679293432
GLOBAL,MINOTHINT,2,2042,1.4471074679293432
GLOBAL,MINOTHINT,1,2043,1.4471074679293432
GLOBAL,MINOTHINT,2,2043,1.4471074679293432
GLOBAL,MINOTHINT,1,2044,1.4471074679293432
GLOBAL,MINOTHINT,2,2044,1.4471074679293432
GLOBAL,MINOTHINT,1,2045,1.4471074679293432
GLOBAL,MINOTHINT,2,2045,1.4471074679293432
GLOBAL,MINOTHINT,1,2046,1.4471074679293432
GLOBAL,MINOTHINT,2,2046,1.4471074679293432
GLOBAL,MINOTHINT,1,2047,1.4471074679293432
GLOBAL,MINOTHINT,2,2047,1.4471074679293432
GLOBAL,MINOTHINT,1,2048,1.4471074679293432
GLOBAL,MINOTHINT,2,2048,1.4471074679293432
GLOBAL,MINOTHINT,1,2049,1.4471074679293432
GLOBAL,MINOTHINT,2,2049,1.4471074679293432
GLOBAL,MINOTHINT,1,2050,1.4471074679293432
GLOBAL,MINOTHINT,2,2050,1.4471074679293432
GLOBAL,MINOTHINT,1,2051,1.4471074679293432
GLOBAL,MINOTHINT,2,2051,1.4471074679293432
GLOBAL,MINOTHINT,1,2052,1.4471074679293432
GLOBAL,MINOTHINT,2,2052,1.4471074679293432
GLOBAL,MINOTHINT,1,2053,1.4471074679293432
GLOBAL,MINOTHINT,2,2053,1.4471074679293432
GLOBAL,MINOTHINT,1,2054,1.4471074679293432
GLOBAL,MINOTHINT,2,2054,1.4471074679293432
GLOBAL,MINOTHINT,1,2055,1.4471074679293432
GLOBAL,MINOTHINT,2,2055,1.4471074679293432
GLOBAL,MINOTHINT,1,2056,1.4471074679293432
GLOBAL,MINOTHINT,2,2056,1.4471074679293432
GLOBAL,MINOTHINT,1,2057,1.4471074679293432
GLOBAL,MINOTHINT,2,2057,1.4471074679293432
GLOBAL,MINOTHINT,1,2058,1.4471074679293432
GLOBAL,MINOTHINT,2,2058,1.4471074679293432
GLOBAL,MINOTHINT,1,2059,1.4471074679293432
GLOBAL,MINOTHINT,2,2059,1.4471074679293432
GLOBAL,MINOTHINT,1,2060,1.4471074679293432
GLOBAL,MINOTHINT,2,2060,1.4471074679293432
GLOBAL,MINOTHINT,1,2061,1.4471074679293432
GLOBAL,MINOTHINT,2,2061,1.4471074679293432
GLOBAL,MINOTHINT,1,2062,1.4471074679293432
GLOBAL,MINOTHINT,2,2062,1.4471074679293432
GLOBAL,MINOTHINT,1,2063,1.4471074679293432
GLOBAL,MINOTHINT,2,2063,1.4471074679293432
GLOBAL,MINOTHINT,1,2064,1.4471074679293432
GLOBAL,MINOTHINT,2,2064,1.4471074679293432
GLOBAL,MINOTHINT,1,2065,1.4471074679293432
GLOBAL,MINOTHINT,2,2065,1.4471074679293432
GLOBAL,MINOTHINT,1,2066,1.4471074679293432
GLOBAL,MINOTHINT,2,2066,1.4471074679293432
GLOBAL,MINOTHINT,1,2067,1.4471074679293432
GLOBAL,MINOTHINT,2,2067,1.4471074679293432
GLOBAL,MINOTHINT,1,2068,1.4471074679293432
GLOBAL,MINOTHINT,2,2068,1.4471074679293432
GLOBAL,MINOTHINT,1,2069,1.4471074679293432
GLOBAL,MINOTHINT,2,2069,1.4471074679293432
GLOBAL,MINOTHINT,1,2070,1.4471074679293432
GLOBAL,MINOTHINT,2,2070,1.4471074679293432
GLOBAL,MINPETNPL,1,2020,5.7773327296659485
GLOBAL,MINPETNPL,2,2020,5.7773327296659485
GLOBAL,MINPETNPL,1,2021,6.8237940587600825
GLOBAL,MINPETNPL,2,2021,6.8237940587600825
GLOBAL,MINPETNPL,1,2022,7.1032738532467485
GLOBAL,MINPETNPL,2,2022,7.1032738532467485
GLOBAL,MINPETNPL,1,2023,7.389893259816652
GLOBAL,MINPETNPL,2,2023,7.389893259816652
GLOBAL,MINPETNPL,1,2024,7.684447096478039
GLOBAL,MINPETNPL,2,2024,7.684447096478039
GLOBAL,MINPETNPL,1,2025,7.987553950565343
GLOBAL,MINPETNPL,2,2025,7.987553950565343
GLOBAL,MINPETNPL,1,2026,8.319519784358066
GLOBAL,MINPETNPL,2,2026,8.319519784358066
GLOBAL,MINPETNPL,1,2027,8.651485618150788
GLOBAL,MINPETNPL,2,2027,8.651485618150788
GLOBAL,MINPETNPL,1,2028,8.98345145194351
GLOBAL,MINPETNPL,2,2028,8.98345145194351
GLOBAL,MINPETNPL,1,2029,9.315417285736231
GLOBAL,MINPETNPL,2,2029,9.315417285736231
GLOBAL,MINPETNPL,1,2030,9.647383119528955
GLOBAL,MINPETNPL,2,2030,9.647383119528955
GLOBAL,MINPETNPL,1,2031,9.647383119528955
GLOBAL,MINPETNPL,2,2031,9.647383119528955
GLOBAL,MINPETNPL,1,2032,9.647383119528955
GLOBAL,MINPETNPL,2,2032,9.647383119528955
GLOBAL,MINPETNPL,1,2033,9.647383119528955
GLOBAL,MINPETNPL,2,2033,9.647383119528955
GLOBAL,MINPETNPL,1,2034,9.647383119528955
GLOBAL,MINPETNPL,2,2034,9.647383119528955
GLOBAL,MINPETNPL,1,2035,9.647383119528955
GLOBAL,MINPETNPL,2,2035,9.647383119528955
GLOBAL,MINPETNPL,1,2036,9.647383119528955
GLOBAL,MINPETNPL,2,2036,9.647383119528955
GLOBAL,MINPETNPL,1,2037,9.647383119528955
GLOBAL,MINPETNPL,2,2037,9.647383119528955
GLOBAL,MINPETNPL,1,2038,9.647383119528955
GLOBAL,MINPETNPL,2,2038,9.647383119528955
GLOBAL,MINPETNPL,1,2039,9.647383119528955
GLOBAL,MINPETNPL,2,2039,9.647383119528955
GLOBAL,MINPETNPL,1,2040,9.647383119528955
GLOBAL,MINPETNPL,2,2040,9.647383119528955
GLOBAL,MINPETNPL,1,2041,9.647383119528955
GLOBAL,MINPETNPL,2,2041,9.647383119528955
GLOBAL,MINPETNPL,1,2042,9.647383119528955
GLOBAL,MINPETNPL,2,2042,9.647383119528955
GLOBAL,MINPETNPL,1,2043,9.647383119528955
GLOBAL,MINPETNPL,2,2043,9.647383119528955
GLOBAL,MINPETNPL,1,2044,9.647383119528955
GLOBAL,MINPETNPL,2,2044,9.647383119528955
GLOBAL,MINPETNPL,1,2045,9.647383119528955
GLOBAL,MINPETNPL,2,2045,9.647383119528955
GLOBAL,MINPETNPL,1,2046,9.647383119528955
GLOBAL,MINPETNPL,2,2046,9.647383119528955
GLOBAL,MINPETNPL,1,2047,9.647383119528955
GLOBAL,MINPETNPL,2,2047,9.647383119528955
GLOBAL,MINPETNPL,1,2048,9.647383119528955
GLOBAL,MINPETNPL,2,2048,9.647383119528955
GLOBAL,MINPETNPL,1,2049,9.647383119528955
GLOBAL,MINPETNPL,2,2049,9.647383119528955
GLOBAL,MINPETNPL,1,2050,9.647383119528955
GLOBAL,MINPETNPL,2,2050,9.647383119528955
GLOBAL,MINPETNPL,1,2051,9.647383119528955
GLOBAL,MINPETNPL,2,2051,9.647383119528955
GLOBAL,MINPETNPL,1,2052,9.647383119528955
GLOBAL,MINPETNPL,2,2052,9.647383119528955
GLOBAL,MINPETNPL,1,2053,9.647383119528955
GLOBAL,MINPETNPL,2,2053,9.647383119528955
GLOBAL,MINPETNPL,1,2054,9.647383119528955
GLOBAL,MINPETNPL,2,2054,9.647383119528955
GLOBAL,MINPETNPL,1,2055,9.647383119528955
GLOBAL,MINPETNPL,2,2055,9.647383119528955
GLOBAL,MINPETNPL,1,2056,9.647383119528955
GLOBAL,MINPETNPL,2,2056,9.647383119528955
GLOBAL,MINPETNPL,1,2057,9.647383119528955
GLOBAL,MINPETNPL,2,2057,9.647383119528955
GLOBAL,MINPETNPL,1,2058,9.647383119528955
GLOBAL,MINPETNPL,2,2058,9.647383119528955
GLOBAL,MINPETNPL,1,2059,9.647383119528955
GLOBAL,MINPETNPL,2,2059,9.647383119528955
GLOBAL,MINPETNPL,1,2060,9.647383119528955
GLOBAL,MINPETNPL,2,2060,9.647383119528955
GLOBAL,MINPETNPL,1,2061,9.647383119528955
GLOBAL,MINPETNPL,2,2061,9.647383119528955
GLOBAL,MINPETNPL,1,2062,9.647383119528955
GLOBAL,MINPETNPL,2,2062,9.647383119528955
GLOBAL,MINPETNPL,1,2063,9.647383119528955
GLOBAL,MINPETNPL,2,2063,9.647383119528955
GLOBAL,MINPETNPL,1,2064,9.647383119528955
GLOBAL,MINPETNPL,2,2064,9.647383119528955
GLOBAL,MINPETNPL,1,2065,9.647383119528955
GLOBAL,MINPETNPL,2,2065,9.647383119528955
GLOBAL,MINPETNPL,1,2066,9.647383119528955
GLOBAL,MINPETNPL,2,2066,9.647383119528955
GLOBAL,MINPETNPL,1,2067,9.647383119528955
GLOBAL,MINPETNPL,2,2067,9.647383119528955
GLOBAL,MINPETNPL,1,2068,9.647383119528955
GLOBAL,MINPETNPL,2,2068,9.647383119528955
GLOBAL,MINPETNPL,1,2069,9.647383119528955
GLOBAL,MINPETNPL,2,2069,9.647383119528955
GLOBAL,MINPETNPL,1,2070,9.647383119528955
GLOBAL,MINPETNPL,2,2070,9.647383119528955
GLOBAL,MINPETINT,1,2020,0.8665999094498923
GLOBAL,MINPETINT,2,2020,0.8665999094498923
GLOBAL,MINPETINT,1,2021,1.0235691088140124
GLOBAL,MINPETINT,2,2021,1.0235691088140124
GLOBAL,MINPETINT,1,2022,1.065491077987012
GLOBAL,MINPETINT,2,2022,1.065491077987012
GLOBAL,MINPETINT,1,2023,1.1084839889724978
GLOBAL,MINPETINT,2,2023,1.1084839889724978
GLOBAL,MINPETINT,1,2024,1.152667064471706
GLOBAL,MINPETINT,2,2024,1.152667064471706
GLOBAL,MINPETINT,1,2025,1.1981330925848015
GLOBAL,MINPETINT,2,2025,1.1981330925848015
GLOBAL,MINPETINT,1,2026,1.2479279676537098
GLOBAL,MINPETINT,2,2026,1.2479279676537098
GLOBAL,MINPETINT,1,2027,1.2977228427226182
GLOBAL,MINPETINT,2,2027,1.2977228427226182
GLOBAL,MINPETINT,1,2028,1.3475177177915263
GLOBAL,MINPETINT,2,2028,1.3475177177915263
GLOBAL,MINPETINT,1,2029,1.3973125928604349
GLOBAL,MINPETINT,2,2029,1.3973125928604349
GLOBAL,MINPETINT,1,2030,1.4471074679293432
GLOBAL,MINPETINT,2,2030,1.4471074679293432
GLOBAL,MINPETINT,1,2031,1.4471074679293432
GLOBAL,MINPETINT,2,2031,1.4471074679293432
GLOBAL,MINPETINT,1,2032,1.4471074679293432
GLOBAL,MINPETINT,2,2032,1.4471074679293432
GLOBAL,MINPETINT,1,2033,1.4471074679293432
GLOBAL,MINPETINT,2,2033,1.4471074679293432
GLOBAL,MINPETINT,1,2034,1.4471074679293432
GLOBAL,MINPETINT,2,2034,1.4471074679293432
GLOBAL,MINPETINT,1,2035,1.4471074679293432
GLOBAL,MINPETINT,2,2035,1.4471074679293432
GLOBAL,MINPETINT,1,2036,1.4471074679293432
GLOBAL,MINPETINT,2,2036,1.4471074679293432
GLOBAL,MINPETINT,1,2037,1.4471074679293432
GLOBAL,MINPETINT,2,2037,1.4471074679293432
GLOBAL,MINPETINT,1,2038,1.4471074679293432
GLOBAL,MINPETINT,2,2038,1.4471074679293432
GLOBAL,MINPETINT,1,2039,1.4471074679293432
GLOBAL,MINPETINT,2,2039,1.4471074679293432
GLOBAL,MINPETINT,1,2040,1.4471074679293432
GLOBAL,MINPETINT,2,2040,1.4471074679293432
GLOBAL,MINPETINT,1,2041,1.4471074679293432
GLOBAL,MINPETINT,2,2041,1.4471074679293432
GLOBAL,MINPETINT,1,2042,1.4471074679293432
GLOBAL,MINPETINT,2,2042,1.4471074679293432
GLOBAL,MINPETINT,1,2043,1.4471074679293432
GLOBAL,MINPETINT,2,2043,1.4471074679293432
GLOBAL,MINPETINT,1,2044,1.4471074679293432
GLOBAL,MINPETINT,2,2044,1.4471074679293432
GLOBAL,MINPETINT,1,2045,1.4471074679293432
GLOBAL,MINPETINT,2,2045,1.4471074679293432
GLOBAL,MINPETINT,1,2046,1.4471074679293432
GLOBAL,MINPETINT,2,2046,1.4471074679293432
GLOBAL,MINPETINT,1,2047,1.4471074679293432
GLOBAL,MINPETINT,2,2047,1.4471074679293432
GLOBAL,MINPETINT,1,2048,1.4471074679293432
GLOBAL,MINPETINT,2,2048,1.4471074679293432
GLOBAL,MINPETINT,1,2049,1.4471074679293432
GLOBAL,MINPETINT,2,2049,1.4471074679293432
GLOBAL,MINPETINT,1,2050,1.4471074679293432
GLOBAL,MINPETINT,2,2050,1.4471074679293432
GLOBAL,MINPETINT,1,2051,1.4471074679293432
GLOBAL,MINPETINT,2,2051,1.4471074679293432
GLOBAL,MINPETINT,1,2052,1.4471074679293432
GLOBAL,MINPETINT,2,2052,1.4471074679293432
GLOBAL,MINPETINT,1,2053,1.4471074679293432
GLOBAL,MINPETINT,2,2053,1.4471074679293432
GLOBAL,MINPETINT,1,2054,1.4471074679293432
GLOBAL,MINPETINT,2,2054,1.4471074679293432
GLOBAL,MINPETINT,1,2055,1.4471074679293432
GLOBAL,MINPETINT,2,2055,1.4471074679293432
GLOBAL,MINPETINT,1,2056,1.4471074679293432
GLOBAL,MINPETINT,2,2056,1.4471074679293432
GLOBAL,MINPETINT,1,2057,1.4471074679293432
GLOBAL,MINPETINT,2,2057,1.4471074679293432
GLOBAL,MINPETINT,1,2058,1.4471074679293432
GLOBAL,MINPETINT,2,2058,1.4471074679293432
GLOBAL,MINPETINT,1,2059,1.4471074679293432
GLOBAL,MINPETINT,2,2059,1.4471074679293432
GLOBAL,MINPETINT,1,2060,1.4471074679293432
GLOBAL,MINPETINT,2,2060,1.4471074679293432
GLOBAL,MINPETINT,1,2061,1.4471074679293432
GLOBAL,MINPETINT,2,2061,1.4471074679293432
GLOBAL,MINPETINT,1,2062,1.4471074679293432
GLOBAL,MINPETINT,2,2062,1.4471074679293432
GLOBAL,MINPETINT,1,2063,1.4471074679293432
GLOBAL,MINPETINT,2,2063,1.4471074679293432
GLOBAL,MINPETINT,1,2064,1.4471074679293432
GLOBAL,MINPETINT,2,2064,1.4471074679293432
GLOBAL,MINPETINT,1,2065,1.4471074679293432
GLOBAL,MINPETINT,2,2065,1.4471074679293432
GLOBAL,MINPETINT,1,2066,1.4471074679293432
GLOBAL,MINPETINT,2,2066,1.4471074679293432
GLOBAL,MINPETINT,1,2067,1.4471074679293432
GLOBAL,MINPETINT,2,2067,1.4471074679293432
GLOBAL,MINPETINT,1,2068,1.4471074679293432
GLOBAL,MINPETINT,2,2068,1.4471074679293432
GLOBAL,MINPETINT,1,2069,1.4471074679293432
GLOBAL,MINPETINT,2,2069,1.4471074679293432
GLOBAL,MINPETINT,1,2070,1.4471074679293432
GLOBAL,MINPETINT,2,2070,1.4471074679293432
GLOBAL,MINURNNPL,1,2020,5.0
GLOBAL,MINURNNPL,2,2020,5.0
GLOBAL,MINURNNPL,1,2021,5.0
GLOBAL,MINURNNPL,2,2021,5.0
GLOBAL,MINURNNPL,1,2022,5.0
GLOBAL,MINURNNPL,2,2022,5.0
GLOBAL,MINURNNPL,1,2023,5.0
GLOBAL,MINURNNPL,2,2023,5.0
GLOBAL,MINURNNPL,1,2024,5.0
GLOBAL,MINURNNPL,2,2024,5.0
GLOBAL,MINURNNPL,1,2025,5.0
GLOBAL,MINURNNPL,2,2025,5.0
GLOBAL,MINURNNPL,1,2026,5.0
GLOBAL,MINURNNPL,2,2026,5.0
GLOBAL,MINURNNPL,1,2027,5.0
GLOBAL,MINURNNPL,2,2027,5.0
GLOBAL,MINURNNPL,1,2028,5.0
GLOBAL,MINURNNPL,2,2028,5.0
GLOBAL,MINURNNPL,1,2029,5.0
GLOBAL,MINURNNPL,2,2029,5.0
GLOBAL,MINURNNPL,1,2030,5.0
GLOBAL,MINURNNPL,2,2030,5.0
GLOBAL,MINURNNPL,1,2031,5.0
GLOBAL,MINURNNPL,2,2031,5.0
GLOBAL,MINURNNPL,1,2032,5.0
GLOBAL,MINURNNPL,2,2032,5.0
GLOBAL,MINURNNPL,1,2033,5.0
GLOBAL,MINURNNPL,2,2033,5.0
GLOBAL,MINURNNPL,1,2034,5.0
GLOBAL,MINURNNPL,2,2034,5.0
GLOBAL,MINURNNPL,1,2035,5.0
GLOBAL,MINURNNPL,2,2035,5.0
GLOBAL,MINURNNPL,1,2036,5.0
GLOBAL,MINURNNPL,2,2036,5.0
GLOBAL,MINURNNPL,1,2037,5.0
GLOBAL,MINURNNPL,2,2037,5.0
GLOBAL,MINURNNPL,1,2038,5.0
GLOBAL,MINURNNPL,2,2038,5.0
GLOBAL,MINURNNPL,1,2039,5.0
GLOBAL,MINURNNPL,2,2039,5.0
GLOBAL,MINURNNPL,1,2040,5.0
GLOBAL,MINURNNPL,2,2040,5.0
GLOBAL,MINURNNPL,1,2041,5.0
GLOBAL,MINURNNPL,2,2041,5.0
GLOBAL,MINURNNPL,1,2042,5.0
GLOBAL,MINURNNPL,2,2042,5.0
GLOBAL,MINURNNPL,1,2043,5.0
GLOBAL,MINURNNPL,2,2043,5.0
GLOBAL,MINURNNPL,1,2044,5.0
GLOBAL,MINURNNPL,2,2044,5.0
GLOBAL,MINURNNPL,1,2045,5.0
GLOBAL,MINURNNPL,2,2045,5.0
GLOBAL,MINURNNPL,1,2046,5.0
GLOBAL,MINURNNPL,2,2046,5.0
GLOBAL,MINURNNPL,1,2047,5.0
GLOBAL,MINURNNPL,2,2047,5.0
GLOBAL,MINURNNPL,1,2048,5.0
GLOBAL,MINURNNPL,2,2048,5.0
GLOBAL,MINURNNPL,1,2049,5.0
GLOBAL,MINURNNPL,2,2049,5.0
GLOBAL,MINURNNPL,1,2050,5.0
GLOBAL,MINURNNPL,2,2050,5.0
GLOBAL,MINURNNPL,1,2051,5.0
GLOBAL,MINURNNPL,2,2051,5.0
GLOBAL,MINURNNPL,1,2052,5.0
GLOBAL,MINURNNPL,2,2052,5.0
GLOBAL,MINURNNPL,1,2053,5.0
GLOBAL,MINURNNPL,2,2053,5.0
GLOBAL,MINURNNPL,1,2054,5.0
GLOBAL,MINURNNPL,2,2054,5.0
GLOBAL,MINURNNPL,1,2055,5.0
GLOBAL,MINURNNPL,2,2055,5.0
GLOBAL,MINURNNPL,1,2056,5.0
GLOBAL,MINURNNPL,2,2056,5.0
GLOBAL,MINURNNPL,1,2057,5.0
GLOBAL,MINURNNPL,2,2057,5.0
GLOBAL,MINURNNPL,1,2058,5.0
GLOBAL,MINURNNPL,2,2058,5.0
GLOBAL,MINURNNPL,1,2059,5.0
GLOBAL,MINURNNPL,2,2059,5.0
GLOBAL,MINURNNPL,1,2060,5.0
GLOBAL,MINURNNPL,2,2060,5.0
GLOBAL,MINURNNPL,1,2061,5.0
GLOBAL,MINURNNPL,2,2061,5.0
GLOBAL,MINURNNPL,1,2062,5.0
GLOBAL,MINURNNPL,2,2062,5.0
GLOBAL,MINURNNPL,1,2063,5.0
GLOBAL,MINURNNPL,2,2063,5.0
GLOBAL,MINURNNPL,1,2064,5.0
GLOBAL,MINURNNPL,2,2064,5.0
GLOBAL,MINURNNPL,1,2065,5.0
GLOBAL,MINURNNPL,2,2065,5.0
GLOBAL,MINURNNPL,1,2066,5.0
GLOBAL,MINURNNPL,2,2066,5.0
GLOBAL,MINURNNPL,1,2067,5.0
GLOBAL,MINURNNPL,2,2067,5.0
GLOBAL,MINURNNPL,1,2068,5.0
GLOBAL,MINURNNPL,2,2068,5.0
GLOBAL,MINURNNPL,1,2069,5.0
GLOBAL,MINURNNPL,2,2069,5.0
GLOBAL,MINURNNPL,1,2070,5.0
GLOBAL,MINURNNPL,2,2070,5.0
